/JOB
//NAME plaster_roller_planes_program
//POS
///NPOS 22,0,22,0,0,0
///TOOL 0
///POSTYPE BASE
///RECTAN
///RCONF 0,0,0,0,0,0,0,0,0,0,0,0,0,0,0,0,0,0,0,0,0,0,0,0
C00000=2054.080905,-113.781258,-571.267642,175.000000,-5.000000,5.000000
C00001=1978.528340,188.721835,-583.606764,175.000000,-5.000000,5.000000
C00002=1935.092365,238.350563,-576.186637,175.000000,-5.000000,5.000000
C00003=2025.945863,-121.744197,-574.377066,175.000000,-5.000000,5.000000
C00004=1800.551010,200.407128,-669.450953,175.000000,-89.776233,-5.000000
C00005=1807.236283,-50.973574,-669.483683,175.000000,-89.776233,-5.000000
C00006=1780.142635,-282.518860,-709.252590,175.000000,-89.776233,-5.000000
C00007=1774.266605,239.311344,-709.215894,175.000000,-89.776233,-5.000000
C00008=1783.462593,314.048613,-672.647678,180.000000,-60.000000,0.000000
C00009=1782.365027,-345.880566,-672.660779,180.000000,-60.000000,0.000000
C00010=1785.593572,-356.740692,-722.674054,180.000000,-60.000000,0.000000
C00011=1814.202165,535.409933,-722.762269,180.000000,-60.000000,0.000000
C00012=1438.933595,-32.374052,-823.648086,180.000000,-60.000000,0.000000
C00013=1779.485754,-5.443760,-580.559854,175.000000,-43.839353,5.000000
C00014=1802.135361,27.477833,-560.942878,175.000000,-43.839353,5.000000
C00015=1435.949017,-2.796588,-824.291189,180.000000,-60.000000,0.000000
C00016=1817.579180,-135.644052,-728.860007,5.000000,-89.601732,-175.000000
C00017=1818.522682,419.252474,-728.870685,5.000000,-89.601732,-175.000000
C00018=1844.866562,442.894588,-673.412346,180.000000,-60.000000,0.000000
C00019=1817.191837,-185.792326,-673.585192,180.000000,-60.000000,0.000000
C00020=1819.289051,-238.008137,-723.570200,180.000000,-60.000000,0.000000
C00021=1846.055043,454.888898,-723.405665,180.000000,-60.000000,0.000000
///POSTYPE PULSE
///PULSE
EC00000=14336.0
EC00001=14336.0
EC00002=14336.0
EC00003=14336.0
EC00004=183296.0
EC00005=183296.0
EC00006=183296.0
EC00007=183296.0
EC00008=183296.0
EC00009=183296.0
EC00010=183296.0
EC00011=183296.0
EC00012=282624.0
EC00013=282624.0
EC00014=282624.0
EC00015=282624.0
EC00016=367616.0
EC00017=367616.0
EC00018=367616.0
EC00019=367616.0
EC00020=367616.0
EC00021=367616.0
//INST
///DATE 2023/08/13 10:53
///ATTR SC,RW,RJ
////FRAME BASE
///GROUP1 RB1,ST1
NOP
MOVJ P009 EX000 VJ=15.00
MOVJ C00000 EC00000 VJ=15.0
CALL JOB:SPYON
MOVL C00001 EC00001 V=150.0
MOVL C00002 EC00002 V=150.0
MOVL C00003 EC00003 V=150.0
CALL JOB:SPYOF
MOVJ P009 VJ=15.00
MOVJ C00004 EC00004 VJ=15.0
CALL JOB:SPYON
MOVL C00005 EC00005 V=150.0
MOVL C00006 EC00006 V=150.0
MOVL C00007 EC00007 V=150.0
MOVL C00008 EC00008 V=150.0
MOVL C00009 EC00009 V=150.0
MOVL C00010 EC00010 V=150.0
MOVL C00011 EC00011 V=150.0
CALL JOB:SPYOF
MOVJ P009 VJ=15.00
MOVJ C00012 EC00012 VJ=15.0
CALL JOB:SPYON
MOVL C00013 EC00013 V=150.0
MOVL C00014 EC00014 V=150.0
MOVL C00015 EC00015 V=150.0
CALL JOB:SPYOF
MOVJ P009 VJ=15.00
MOVJ C00016 EC00016 VJ=15.0
CALL JOB:SPYON
MOVL C00017 EC00017 V=150.0
MOVL C00018 EC00018 V=150.0
MOVL C00019 EC00019 V=150.0
MOVL C00020 EC00020 V=150.0
MOVL C00021 EC00021 V=150.0
CALL JOB:SPYOF
MOVJ P009 VJ=15.00
END
